100 48 240
45 81 106 68 37 14 103 64 24 48 11 31 99 29 69 110 65 32 71 54 19 79 2 37 48 83 56 99 91 2 84 7 75 61 66 111 74 48 54 89 88 64 119 66 84 59 48 21 90 110 74 100 68 75 8 108 29 56 86 112 57 41 118 11 93 64 1 38 103 46 6 70 109 116 16 65 54 55 77 15 44 30 115 104 97 114 91 117 49 48 108 106 80 106 108 52 41 101 89 23 
26 94 213 7 81 220 71 134 154 27 140 189 168 134 172 144 120 14 13 48 61 120 145 12 217 5 183 17 105 31 152 130 236 236 136 76 87 78 81 112 104 221 60 144 226 232 159 217 117 171 25 178 51 41 189 139 45 4 28 149 146 179 39 142 46 46 89 132 124 42 3 99 134 62 2 231 165 161 208 42 91 104 91 13 144 151 152 61 154 179 81 60 229 119 73 34 37 33 37 160 
6 99
98 59
12 20
62 17
32 89
50 74
64 20
87 19
30 58
59 56
88 60
67 76
50 71
21 46
63 97
97 69
79 6
66 40
74 49
80 23
22 43
94 8
62 76
17 20
31 4
31 49
31 81
19 3
78 33
99 75
53 45
21 32
3 38
23 28
86 3
51 7
97 96
15 58
71 83
30 1
39 60
49 69
92 19
24 70
52 74
96 4
19 68
87 73
