500 13 65
1 15 29 4 21 32 31 31 12 23 12 22 22 22 25 31 22 18 26 23 4 28 28 9 19 9 31 9 6 15 29 7 30 25 10 18 24 8 16 3 30 27 24 19 17 16 18 6 1 11 28 4 7 23 13 25 32 11 1 5 25 29 11 22 21 20 8 12 27 23 14 24 18 5 11 2 21 28 7 21 6 2 25 12 25 5 4 24 15 4 28 7 32 7 29 20 26 4 31 21 26 12 12 11 17 22 12 5 17 18 25 23 20 17 2 12 21 6 3 3 9 30 10 9 4 6 28 30 9 27 18 2 6 29 13 22 19 24 26 3 10 19 25 29 3 27 8 24 32 10 26 8 7 3 16 11 8 12 8 16 6 25 18 11 21 30 1 7 21 26 10 30 12 2 26 15 28 1 6 27 10 31 3 17 2 18 27 9 29 2 25 2 26 10 13 14 7 13 21 27 6 30 25 18 31 18 32 27 19 5 21 28 3 23 12 4 9 6 13 5 7 5 7 32 14 19 14 20 31 2 14 4 31 6 21 29 24 20 23 10 24 12 5 27 2 17 30 10 22 10 15 29 14 21 28 27 7 9 14 5 10 28 8 8 1 29 5 24 16 27 1 8 6 6 2 8 22 31 17 11 9 31 7 22 19 3 17 25 11 30 29 21 25 5 28 26 1 32 17 16 27 18 23 32 23 24 7 12 23 24 22 31 22 29 20 9 31 4 1 9 2 30 29 26 2 25 19 2 24 4 17 18 21 8 18 11 31 24 22 21 15 11 19 5 7 7 13 5 10 13 14 11 10 10 5 11 2 23 12 26 26 29 11 14 4 28 24 2 20 13 23 2 24 9 6 30 15 18 3 25 31 16 3 8 25 7 19 27 30 30 20 23 26 30 5 29 26 28 31 13 9 21 14 32 29 20 29 12 5 31 4 3 14 6 11 7 13 29 1 10 26 20 32 20 17 4 16 10 32 14 22 8 2 4 7 31 23 3 10 27 2 13 30 15 18 8 21 30 4 21 7 29 8 7 16 25 10 32 2 9 13 24 16 15 27 22 13 17 25 22 11 26 2 8 8 19 15 29 17 18 17 23 15 25 29 30 17 7 29 18 15 10 9 31 24 3 20 4 19 12 
35 29 63 40 48 37 6 47 65 6 51 53 13 22 11 18 32 28 27 53 2 62 47 55 40 27 22 28 3 35 9 37 63 8 11 46 44 19 27 45 24 12 33 38 36 45 56 4 8 17 56 11 13 40 65 52 1 21 17 6 58 25 44 55 34 55 37 15 10 65 59 35 14 28 8 51 8 63 54 17 14 44 27 27 18 28 15 21 51 31 28 43 57 6 34 26 62 6 40 6 7 35 41 22 63 48 7 7 45 60 25 60 41 51 23 60 15 38 15 65 5 42 44 64 48 13 24 44 20 65 52 28 36 27 50 33 11 56 41 57 53 65 51 28 52 9 22 2 48 39 3 52 15 49 52 64 63 12 45 17 11 33 46 47 59 30 16 6 23 59 62 10 58 47 37 47 55 58 50 39 31 54 26 48 37 12 48 34 24 29 52 36 61 33 19 56 62 37 61 19 30 57 28 24 41 1 5 32 61 54 6 28 43 33 10 14 44 60 50 4 23 36 42 21 3 60 11 2 33 9 22 62 65 52 21 42 52 27 9 49 16 14 12 60 46 23 10 26 17 59 32 42 32 8 62 34 4 9 37 37 17 61 35 17 47 57 60 35 19 3 19 36 16 30 32 63 52 41 24 6 37 55 49 3 64 45 38 2 53 10 40 5 5 12 23 53 3 17 22 23 22 42 60 39 8 26 37 60 4 60 2 40 51 50 44 49 31 16 52 18 27 29 24 33 40 48 22 44 2 44 4 23 22 63 61 30 26 34 26 29 30 27 5 15 11 50 65 43 2 52 62 29 17 21 63 56 5 20 36 8 65 39 32 21 37 30 50 64 63 10 27 28 38 33 44 50 17 44 27 18 32 24 48 48 46 46 40 50 2 12 58 1 51 24 21 24 55 8 22 53 17 50 17 55 17 60 39 35 38 3 52 6 26 37 53 6 19 29 55 20 41 49 22 28 10 44 51 64 51 9 53 5 58 4 61 11 64 36 45 38 38 33 44 63 4 33 3 22 64 60 43 39 45 64 3 56 43 55 57 28 63 44 34 57 50 29 2 48 2 48 20 39 15 65 37 21 33 41 44 31 37 22 6 19 20 10 9 64 64 2 29 63 46 62 54 30 28 55 14 29 
489 455
342 288
190 500
263 359
88 89
281 451
195 253
161 281
322 355
350 285
496 75
442 308
191 340
